0.106 0.16 0.17 0.18 0.20 0.28 0.65 0.65 0.36 0.27 0.27 0.25 0.23
0.168 0.10 0.11 0.11 0.12 0.16 0.32 0.32 0.19 0.16 0.16 0.15 0.14
0.299 0.47E-01 0.49E-01 0.51E-01 0.55E-01 0.64E-01 0.11 0.11 0.75E-01 0.65E-01 0.70E-01 0.65E-01 0.62E-01
0.531 0.16E-01 0.17E-01 0.19E-01 0.20E-01 0.23E-01 0.33E-01 0.33E-01 0.25E-01 0.22E-01 0.23E-01 0.21E-01 0.20E-01
0.944 0.45E-02 0.48E-02 0.54E-02 0.60E-02 0.68E-02 0.84E-02 0.84E-02 0.70E-02 0.62E-02 0.61E-02 0.54E-02 0.51E-02
1.679 0.96E-03 0.10E-02 0.12E-02 0.15E-02 0.17E-02 0.20E-02 0.20E-02 0.17E-02 0.14E-02 0.13E-02 0.11E-02 0.10E-02
2.985 0.17E-03 0.19E-03 0.23E-03 0.29E-03 0.38E-03 0.45E-03 0.45E-03 0.37E-03 0.28E-03 0.23E-03 0.19E-03 0.17E-03
5.309 0.26E-04 0.31E-04 0.38E-04 0.50E-04 0.74E-04 0.93E-04 0.93E-04 0.74E-04 0.50E-04 0.39E-04 0.31E-04 0.27E-04
9.441 0.35E-05 0.42E-05 0.54E-05 0.74E-05 0.13E-04 0.18E-04 0.18E-04 0.13E-04 0.74E-05 0.54E-05 0.42E-05 0.35E-05
16.788 0.45E-06 0.56E-06 0.71E-06 0.10E-05 0.20E-05 0.34E-05 0.34E-05 0.20E-05 0.10E-05 0.71E-06 0.56E-06 0.45E-06
29.854 0.54E-07 0.67E-07 0.87E-07 0.13E-06 0.26E-06 0.58E-06 0.58E-06 0.26E-06 0.13E-06 0.87E-07 0.67E-07 0.54E-07
53.088 0.62E-08 0.69E-08 0.10E-07 0.15E-07 0.32E-07 0.90E-07 0.90E-07 0.32E-07 0.15E-07 0.10E-07 0.69E-08 0.62E-08
94.406 0.64E-09 0.61E-09 0.12E-08 0.16E-08 0.38E-08 0.12E-07 0.12E-07 0.38E-08 0.16E-08 0.12E-08 0.61E-09 0.64E-09
167.880 0.60E-10 0.46E-10 0.14E-09 0.16E-09 0.44E-09 0.15E-08 0.15E-08 0.44E-09 0.16E-09 0.14E-09 0.46E-10 0.60E-10
