0.012334 0.01201 0.012723 0.013266 0.013354 0.013363 0.01376 0.014628 0.016104 0.018622 0.018791 0.01687 0.016276 0.016028 0.015713 0.015314 0.014849 0.014388 0.013938 0.013499 
0.0092477 0.0090922 0.009608 0.01 0.010126 0.010167 0.010492 0.011153 0.012234 0.013916 0.014115 0.012775 0.012386 0.012153 0.011876 0.011517 0.011132 0.010748 0.010397 0.010059 
0.0069195 0.0068504 0.0072234 0.0075075 0.0076471 0.007707 0.007992 0.008501 0.0092984 0.01041 0.010475 0.009656 0.0093582 0.0091592 0.0089122 0.0086106 0.0082995 0.0079867 0.0077074 0.0074571 
0.0051504 0.0051254 0.0054073 0.0056077 0.0057315 0.0058172 0.0060575 0.0064482 0.0070198 0.0078035 0.0078106 0.0072378 0.007038 0.0068761 0.0066456 0.0063982 0.0061541 0.0059124 0.0056997 0.0055025 
0.0038156 0.0038104 0.0040251 0.0041757 0.0042761 0.0043731 0.0045556 0.0048762 0.005266 0.005851 0.0058406 0.0054093 0.0052619 0.0051231 0.0049415 0.0047346 0.0045366 0.0043457 0.0041861 0.0040312 
0.0028109 0.0028203 0.0029733 0.0030925 0.00318 0.0032698 0.0034173 0.0036703 0.0039438 0.0042997 0.0043261 0.0040442 0.003932 0.0037973 0.0036393 0.0034877 0.003329 0.0031761 0.0030548 0.0029458 
0.0020576 0.0020817 0.0021874 0.0022764 0.0023533 0.0024305 0.0025491 0.0027448 0.0029556 0.0031941 0.0032074 0.0030214 0.0029292 0.0028044 0.0026664 0.0025486 0.002429 0.0023185 0.0022248 0.0021447 
0.0014955 0.0015273 0.0016006 0.0016635 0.0017343 0.0017941 0.001893 0.0020438 0.0022094 0.0023949 0.0023629 0.0022437 0.0021636 0.0020535 0.0019482 0.0018535 0.0017597 0.0016816 0.0016134 0.0015479 
0.0010864 0.0011136 0.0011659 0.00121 0.0012689 0.0013176 0.0014023 0.0015077 0.001645 0.0017744 0.0017479 0.0016632 0.001587 0.0014951 0.0014168 0.0013443 0.0012701 0.0012126 0.0011646 0.0011145 
0.00078754 0.00080816 0.00084725 0.00088005 0.00092565 0.00096646 0.0010335 0.001114 0.0012151 0.0013074 0.0012947 0.0012263 0.0011645 0.0010872 0.0010254 0.00096812 0.00091525 0.0008751 0.00083646 0.00080353 
0.00056837 0.00058557 0.00061235 0.00063999 0.00066984 0.00070572 0.00075411 0.00082057 0.00089203 0.00095512 0.00095085 0.00090178 0.0008492 0.00079524 0.00074156 0.00069784 0.00065888 0.00062835 0.00060178 0.00057657 
0.0004096 0.00042289 0.00044165 0.00046208 0.0004853 0.00051182 0.00054898 0.00059872 0.00065654 0.0006998 0.00069705 0.00066189 0.0006183 0.00057436 0.00053373 0.00050117 0.00047301 0.00045038 0.00043091 0.000413 
0.00029375 0.0003041 0.00031723 0.00033248 0.00034918 0.00037013 0.00039923 0.00043736 0.00048076 0.00051373 0.00051225 0.00048406 0.00044829 0.00041391 0.00038332 0.00035919 0.00033876 0.00032269 0.00030814 0.00029528 
0.00020989 0.00021811 0.00022745 0.00023907 0.00025129 0.00026757 0.00028958 0.00031753 0.00034993 0.00037772 0.00037714 0.0003519 0.0003234 0.00029703 0.00027443 0.00025714 0.0002422 0.00023035 0.00022074 0.00021081 
0.00015003 0.00015607 0.00016269 0.00017128 0.0001808 0.00019263 0.00020859 0.00022918 0.00025418 0.00027596 0.0002768 0.00025456 0.00023266 0.00021344 0.00019639 0.00018342 0.00017279 0.00016402 0.00015734 0.00015072 
0.000107 0.00011143 0.00011612 0.00012241 0.00012904 0.00013849 0.00014984 0.00016496 0.00018459 0.0002009 0.00019964 0.00018397 0.0001664 0.00015282 0.00014031 0.00013067 0.00012291 0.0001166 0.00011218 0.00010728 
7.6287e-05 7.9365e-05 8.2809e-05 8.714e-05 9.1848e-05 9.9034e-05 0.00010717 0.00011844 0.00013323 0.00014677 0.00014518 0.00013323 0.0001196 0.0001086 9.9646e-05 9.2724e-05 8.7419e-05 8.3053e-05 7.9974e-05 7.6242e-05 
5.4355e-05 5.6194e-05 5.8992e-05 6.1755e-05 6.557e-05 7.0283e-05 7.6532e-05 8.5152e-05 9.56e-05 0.00010625 0.00010604 9.5297e-05 8.5765e-05 7.7209e-05 7.0517e-05 6.6173e-05 6.222e-05 5.9129e-05 5.6607e-05 5.4207e-05 
3.8529e-05 3.9863e-05 4.1942e-05 4.3917e-05 4.6814e-05 5.003e-05 5.4685e-05 6.0896e-05 6.8926e-05 7.6864e-05 7.616e-05 6.8167e-05 6.0998e-05 5.5072e-05 5.0173e-05 4.7119e-05 4.4098e-05 4.1928e-05 4.0194e-05 3.8559e-05 
2.734e-05 2.8336e-05 2.9844e-05 3.1345e-05 3.321e-05 3.5638e-05 3.8862e-05 4.3342e-05 4.9136e-05 5.4866e-05 5.4817e-05 4.9158e-05 4.3417e-05 3.9126e-05 3.5721e-05 3.332e-05 3.1226e-05 2.9818e-05 2.8481e-05 2.7455e-05 
1.9393e-05 2.0142e-05 2.1102e-05 2.2191e-05 2.3512e-05 2.5176e-05 2.7564e-05 3.0783e-05 3.524e-05 4.003e-05 3.9673e-05 3.5265e-05 3.0738e-05 2.7687e-05 2.5272e-05 2.3505e-05 2.224e-05 2.1108e-05 2.0178e-05 1.9443e-05 
1.3741e-05 1.427e-05 1.4926e-05 1.5722e-05 1.6664e-05 1.7837e-05 1.9519e-05 2.1883e-05 2.5175e-05 2.8816e-05 2.8705e-05 2.5149e-05 2.1821e-05 1.9572e-05 1.7937e-05 1.6668e-05 1.5748e-05 1.4961e-05 1.4313e-05 1.3749e-05 
9.7014e-06 1.0099e-05 1.0561e-05 1.1138e-05 1.1786e-05 1.2654e-05 1.3821e-05 1.5524e-05 1.8021e-05 2.0672e-05 2.0704e-05 1.7847e-05 1.5544e-05 1.3862e-05 1.271e-05 1.1814e-05 1.1132e-05 1.0592e-05 1.0137e-05 9.7103e-06 
6.8596e-06 7.137e-06 7.4771e-06 7.8691e-06 8.346e-06 8.9581e-06 9.8128e-06 1.0999e-05 1.2827e-05 1.4849e-05 1.4806e-05 1.2712e-05 1.0973e-05 9.8441e-06 9.0102e-06 8.3624e-06 7.8689e-06 7.4973e-06 7.1603e-06 6.8653e-06 
4.8561e-06 5.057e-06 5.3003e-06 5.5869e-06 5.9117e-06 6.3411e-06 6.9693e-06 7.7936e-06 9.0787e-06 1.0634e-05 1.062e-05 9.0633e-06 7.7362e-06 6.9777e-06 6.356e-06 5.9132e-06 5.5722e-06 5.3043e-06 5.0728e-06 4.8578e-06 
3.4434e-06 3.5804e-06 3.7502e-06 3.9552e-06 4.1871e-06 4.4891e-06 4.9366e-06 5.4907e-06 6.4144e-06 7.655e-06 7.6081e-06 6.4306e-06 5.5037e-06 4.9369e-06 4.4832e-06 4.1904e-06 3.9491e-06 3.7555e-06 3.5925e-06 3.4359e-06 
2.4341e-06 2.5336e-06 2.6427e-06 2.8016e-06 2.9612e-06 3.166e-06 3.4899e-06 3.8891e-06 4.5587e-06 5.4675e-06 5.4521e-06 4.5644e-06 3.8908e-06 3.4883e-06 3.1878e-06 2.9794e-06 2.7987e-06 2.6615e-06 2.5333e-06 2.4307e-06 
1.7147e-06 1.7876e-06 1.8712e-06 1.9837e-06 2.0923e-06 2.2408e-06 2.4641e-06 2.7738e-06 3.2431e-06 3.9006e-06 3.8988e-06 3.2142e-06 2.7509e-06 2.4751e-06 2.2657e-06 2.1031e-06 1.98e-06 1.8755e-06 1.7885e-06 1.7201e-06 
1.2134e-06 1.2593e-06 1.3266e-06 1.3964e-06 1.4851e-06 1.5924e-06 1.7358e-06 1.9595e-06 2.3055e-06 2.8083e-06 2.8091e-06 2.284e-06 1.9407e-06 1.7564e-06 1.6005e-06 1.4864e-06 1.3977e-06 1.3276e-06 1.2595e-06 1.2098e-06 
8.5414e-07 8.9198e-07 9.415e-07 9.9003e-07 1.0451e-06 1.1221e-06 1.226e-06 1.3903e-06 1.6422e-06 2.0064e-06 2.0367e-06 1.6236e-06 1.3829e-06 1.2367e-06 1.1301e-06 1.0488e-06 9.8425e-07 9.3639e-07 8.9006e-07 8.5384e-07 
6.0168e-07 6.2787e-07 6.5976e-07 6.9514e-07 7.4084e-07 7.9632e-07 8.7186e-07 9.8323e-07 1.1577e-06 1.4196e-06 1.4201e-06 1.1574e-06 9.8444e-07 8.7391e-07 7.973e-07 7.4025e-07 6.9548e-07 6.6037e-07 6.2895e-07 6.03e-07 
4.2337e-07 4.4136e-07 4.6432e-07 4.9046e-07 5.225e-07 5.62e-07 6.1665e-07 6.9507e-07 8.1973e-07 1.0093e-06 1.0093e-06 8.1972e-07 6.9652e-07 6.1771e-07 5.6329e-07 5.2205e-07 4.9068e-07 4.6514e-07 4.426e-07 4.2367e-07 
2.9744e-07 3.0988e-07 3.2666e-07 3.4529e-07 3.6832e-07 3.9713e-07 4.354e-07 4.9137e-07 5.8023e-07 7.1702e-07 7.1729e-07 5.7996e-07 4.9246e-07 4.3642e-07 3.9818e-07 3.6801e-07 3.4564e-07 3.2713e-07 3.1119e-07 2.9774e-07 
2.0893e-07 2.178e-07 2.2983e-07 2.4316e-07 2.594e-07 2.8018e-07 3.0725e-07 3.4714e-07 4.1058e-07 5.0885e-07 5.0935e-07 4.0992e-07 3.4834e-07 3.0826e-07 2.8104e-07 2.5935e-07 2.4318e-07 2.2996e-07 2.1849e-07 2.0915e-07 
1.4643e-07 1.5283e-07 1.611e-07 1.7101e-07 1.8252e-07 1.973e-07 2.1681e-07 2.455e-07 2.9021e-07 3.6069e-07 3.6089e-07 2.8975e-07 2.464e-07 2.1795e-07 1.9777e-07 1.8244e-07 1.7087e-07 1.6152e-07 1.5336e-07 1.4666e-07 
1.0245e-07 1.0694e-07 1.1288e-07 1.1967e-07 1.283e-07 1.3896e-07 1.5291e-07 1.7342e-07 2.0489e-07 2.5552e-07 2.5552e-07 2.0467e-07 1.7379e-07 1.5358e-07 1.3913e-07 1.2821e-07 1.1962e-07 1.1327e-07 1.0759e-07 1.0271e-07 
7.1746e-08 7.4754e-08 7.9212e-08 8.3858e-08 9.0203e-08 9.7699e-08 1.0766e-07 1.2208e-07 1.4475e-07 1.8092e-07 1.8074e-07 1.4444e-07 1.2242e-07 1.0794e-07 9.7724e-08 9.0132e-08 8.3845e-08 7.9238e-08 7.5311e-08 7.1747e-08 
5.0019e-08 5.2329e-08 5.5359e-08 5.881e-08 6.3456e-08 6.8579e-08 7.5788e-08 8.5918e-08 1.0216e-07 1.2791e-07 1.2774e-07 1.0209e-07 8.6338e-08 7.5935e-08 6.8589e-08 6.3149e-08 5.8829e-08 5.5467e-08 5.2537e-08 5.0111e-08 
3.4821e-08 3.6633e-08 3.8678e-08 4.113e-08 4.4401e-08 4.806e-08 5.3261e-08 6.0516e-08 7.2041e-08 9.0319e-08 9.023e-08 7.1936e-08 6.0829e-08 5.3513e-08 4.8196e-08 4.4197e-08 4.1166e-08 3.8817e-08 3.6608e-08 3.4948e-08 
2.4286e-08 2.5502e-08 2.7024e-08 2.8713e-08 3.0979e-08 3.3723e-08 3.7378e-08 4.2607e-08 5.0719e-08 6.3722e-08 6.3738e-08 5.0699e-08 4.28e-08 3.7595e-08 3.3808e-08 3.0981e-08 2.879e-08 2.7081e-08 2.5541e-08 2.4289e-08 
1.6928e-08 1.7766e-08 1.8841e-08 2.0104e-08 2.1636e-08 2.3604e-08 2.6225e-08 2.9965e-08 3.5733e-08 4.4917e-08 4.4966e-08 3.5735e-08 3.003e-08 2.6304e-08 2.3638e-08 2.1654e-08 2.0118e-08 1.8857e-08 1.783e-08 1.696e-08 
1.176e-08 1.236e-08 1.3098e-08 1.4001e-08 1.511e-08 1.6499e-08 1.8362e-08 2.103e-08 2.5124e-08 3.1659e-08 3.1683e-08 2.5158e-08 2.1067e-08 1.8399e-08 1.6526e-08 1.512e-08 1.4014e-08 1.3125e-08 1.2392e-08 1.1779e-08 
8.1722e-09 8.595e-09 9.1042e-09 9.7564e-09 1.053e-08 1.152e-08 1.2851e-08 1.475e-08 1.7649e-08 2.2277e-08 2.2286e-08 1.7678e-08 1.4764e-08 1.287e-08 1.1524e-08 1.0546e-08 9.7569e-09 9.132e-09 8.6179e-09 8.1848e-09 
5.675e-09 5.9687e-09 6.3304e-09 6.7969e-09 7.318e-09 8.029e-09 8.9696e-09 1.0326e-08 1.2389e-08 1.5646e-08 1.5646e-08 1.2399e-08 1.0327e-08 8.9957e-09 8.0349e-09 7.3321e-09 6.7849e-09 6.3473e-09 5.976e-09 5.6829e-09 
3.9421e-09 4.1434e-09 4.3978e-09 4.7174e-09 5.0962e-09 5.5934e-09 6.2692e-09 7.2047e-09 8.6888e-09 1.0968e-08 1.0967e-08 8.6869e-09 7.2232e-09 6.284e-09 5.6054e-09 5.102e-09 4.7248e-09 4.4089e-09 4.1459e-09 3.9351e-09 
2.7289e-09 2.8732e-09 3.0502e-09 3.2715e-09 3.55e-09 3.8913e-09 4.3756e-09 5.0283e-09 6.0856e-09 7.6884e-09 7.6861e-09 6.0838e-09 5.0508e-09 4.3758e-09 3.8958e-09 3.5516e-09 3.2734e-09 3.0567e-09 2.8815e-09 2.7225e-09 
1.8843e-09 1.9941e-09 2.1159e-09 2.2743e-09 2.46e-09 2.7077e-09 3.0398e-09 3.5113e-09 4.2582e-09 5.3838e-09 5.381e-09 4.2591e-09 3.5269e-09 3.0416e-09 2.7046e-09 2.4647e-09 2.2713e-09 2.1189e-09 1.9981e-09 1.8876e-09 
1.3028e-09 1.3804e-09 1.4644e-09 1.5748e-09 1.7045e-09 1.8815e-09 2.1137e-09 2.446e-09 2.9719e-09 3.7599e-09 3.7575e-09 2.9739e-09 2.4554e-09 2.1181e-09 1.8833e-09 1.7117e-09 1.576e-09 1.4698e-09 1.3825e-09 1.3084e-09 
9.0155e-10 9.5341e-10 1.0133e-09 1.0887e-09 1.181e-09 1.3065e-09 1.4738e-09 1.7058e-09 2.0731e-09 2.6232e-09 2.6231e-09 2.0744e-09 1.709e-09 1.4734e-09 1.3116e-09 1.1868e-09 1.0918e-09 1.0157e-09 9.5379e-10 9.048e-10 
6.2357e-10 6.573e-10 7.0198e-10 7.5406e-10 8.1676e-10 9.0608e-10 1.0232e-09 1.188e-09 1.448e-09 1.8313e-09 1.831e-09 1.4493e-09 1.192e-09 1.0225e-09 9.0782e-10 8.1979e-10 7.5753e-10 7.0141e-10 6.5612e-10 6.232e-10 
4.2972e-10 4.5498e-10 4.8605e-10 5.2314e-10 5.6852e-10 6.28e-10 7.0867e-10 8.2671e-10 1.0088e-09 1.2791e-09 1.278e-09 1.009e-09 8.2784e-10 7.107e-10 6.2899e-10 5.697e-10 5.2392e-10 4.8729e-10 4.5578e-10 4.3099e-10 
2.9475e-10 3.1238e-10 3.3417e-10 3.6038e-10 3.9263e-10 4.3416e-10 4.9096e-10 5.7362e-10 7.0041e-10 8.898e-10 8.891e-10 7.0151e-10 5.7456e-10 4.922e-10 4.3464e-10 3.9329e-10 3.6129e-10 3.3543e-10 3.1366e-10 2.9509e-10 
2.0254e-10 2.1476e-10 2.2999e-10 2.4868e-10 2.7127e-10 3.0012e-10 3.4031e-10 3.9753e-10 4.869e-10 6.1841e-10 6.1852e-10 4.8761e-10 3.9877e-10 3.405e-10 3.0078e-10 2.7169e-10 2.491e-10 2.3095e-10 2.1585e-10 2.0315e-10 
1.3927e-10 1.4769e-10 1.581e-10 1.7168e-10 1.8731e-10 2.0742e-10 2.3534e-10 2.7567e-10 3.3858e-10 4.2937e-10 4.2957e-10 3.3844e-10 2.7691e-10 2.3573e-10 2.0813e-10 1.8734e-10 1.7165e-10 1.5904e-10 1.4833e-10 1.3951e-10 
9.5238e-11 1.0124e-10 1.0887e-10 1.1813e-10 1.2922e-10 1.4349e-10 1.6298e-10 1.9099e-10 2.3466e-10 2.9798e-10 2.9811e-10 2.3473e-10 1.9197e-10 1.6319e-10 1.4364e-10 1.2928e-10 1.1816e-10 1.0917e-10 1.0194e-10 9.5665e-11 
6.549e-11 6.9721e-11 7.5106e-11 8.1537e-11 8.9324e-11 9.925e-11 1.1286e-10 1.3257e-10 1.6306e-10 2.0688e-10 2.0691e-10 1.6318e-10 1.3285e-10 1.1293e-10 9.9628e-11 8.9499e-11 8.1619e-11 7.5325e-11 7.0066e-11 6.5799e-11 
4.456e-11 4.7363e-11 5.1142e-11 5.5749e-11 6.1147e-11 6.8133e-11 7.7767e-11 9.1534e-11 1.1293e-10 1.433e-10 1.4323e-10 1.1296e-10 9.1622e-11 7.7779e-11 6.8422e-11 6.1266e-11 5.5631e-11 5.1372e-11 4.753e-11 4.4563e-11 
3.0394e-11 3.2326e-11 3.4983e-11 3.8192e-11 4.1987e-11 4.69e-11 5.3566e-11 6.3144e-11 7.8106e-11 9.9055e-11 9.9012e-11 7.8178e-11 6.3245e-11 5.3706e-11 4.7051e-11 4.2034e-11 3.8115e-11 3.51e-11 3.2476e-11 3.0291e-11 
2.0655e-11 2.1982e-11 2.3857e-11 2.6069e-11 2.8724e-11 3.228e-11 3.6881e-11 4.3547e-11 5.4056e-11 6.8471e-11 6.8361e-11 5.4068e-11 4.3659e-11 3.7079e-11 3.237e-11 2.8837e-11 2.6082e-11 2.3919e-11 2.219e-11 2.0614e-11 
1.3998e-11 1.4937e-11 1.6254e-11 1.7809e-11 1.9607e-11 2.2103e-11 2.5382e-11 3.001e-11 3.7382e-11 4.7348e-11 4.7323e-11 3.7387e-11 3.0215e-11 2.5517e-11 2.2178e-11 1.9742e-11 1.7809e-11 1.6328e-11 1.5057e-11 1.403e-11 
9.5417e-12 1.0236e-11 1.1118e-11 1.223e-11 1.353e-11 1.5215e-11 1.7485e-11 2.0763e-11 2.5795e-11 3.2715e-11 3.2724e-11 2.578e-11 2.0832e-11 1.7539e-11 1.5235e-11 1.3544e-11 1.2242e-11 1.1185e-11 1.0289e-11 9.5844e-12 
