0.106 0.35 0.35 0.38 0.43 0.60 1.4 1.4 0.81 0.60 0.62 0.56 0.51
0.168 0.23 0.23 0.24 0.26 0.34 0.69 0.69 0.43 0.35 0.38 0.35 0.33
0.299 0.11 0.11 0.11 0.12 0.14 0.24 0.24 0.16 0.14 0.16 0.15 0.15
0.531 0.40E-01 0.41E-01 0.42E-01 0.43E-01 0.47E-01 0.68E-01 0.68E-01 0.52E-01 0.49E-01 0.53E-01 0.51E-01 0.50E-01
0.944 0.12E-01 0.12E-01 0.13E-01 0.13E-01 0.14E-01 0.18E-01 0.18E-01 0.15E-01 0.14E-01 0.14E-01 0.14E-01 0.13E-01
1.679 0.28E-02 0.29E-02 0.31E-02 0.34E-02 0.37E-02 0.42E-02 0.42E-02 0.36E-02 0.33E-02 0.33E-02 0.31E-02 0.30E-02
2.985 0.59E-03 0.62E-03 0.67E-03 0.74E-03 0.86E-03 0.97E-03 0.97E-03 0.84E-03 0.72E-03 0.67E-03 0.62E-03 0.59E-03
5.309 0.12E-03 0.12E-03 0.13E-03 0.14E-03 0.18E-03 0.21E-03 0.21E-03 0.18E-03 0.15E-03 0.13E-03 0.12E-03 0.12E-03
9.441 0.20E-04 0.22E-04 0.24E-04 0.27E-04 0.33E-04 0.45E-04 0.45E-04 0.33E-04 0.27E-04 0.24E-04 0.22E-04 0.20E-04
16.788 0.35E-05 0.38E-05 0.43E-05 0.48E-05 0.58E-05 0.86E-05 0.86E-05 0.58E-05 0.48E-05 0.42E-05 0.38E-05 0.35E-05
29.854 0.60E-06 0.65E-06 0.71E-06 0.81E-06 0.10E-05 0.15E-05 0.15E-05 0.10E-05 0.82E-06 0.72E-06 0.65E-06 0.60E-06
53.088 0.97E-07 0.11E-06 0.11E-06 0.13E-06 0.17E-06 0.23E-06 0.23E-06 0.17E-06 0.13E-06 0.11E-06 0.11E-06 0.97E-07
94.406 0.15E-07 0.17E-07 0.15E-07 0.20E-07 0.29E-07 0.31E-07 0.31E-07 0.28E-07 0.20E-07 0.15E-07 0.16E-07 0.15E-07
167.880 0.21E-08 0.24E-08 0.19E-08 0.30E-08 0.47E-08 0.38E-08 0.38E-08 0.45E-08 0.29E-08 0.19E-08 0.23E-08 0.21E-08

