0.004705 0.0047249 0.0051726 0.0055827 0.0058032 0.0059719 0.0063038 0.006814 0.007677 0.0090678 0.0091587 0.0081895 0.0077262 0.0073801 0.0070048 0.0066242 0.0062267 0.0058598 0.0054996 0.0051603 
0.003458 0.0035054 0.003845 0.0041486 0.0043465 0.0045036 0.0047895 0.0051948 0.0058095 0.00676 0.0068454 0.00619 0.0058402 0.0055587 0.0052418 0.0049161 0.0046063 0.0043063 0.0040319 0.0037712 
0.0025305 0.0025947 0.0028395 0.0030635 0.0032293 0.0033872 0.003624 0.0039437 0.0043639 0.0050501 0.0051323 0.0046451 0.0043709 0.0041515 0.0038927 0.0036301 0.0033793 0.0031487 0.0029363 0.002738 
0.0018393 0.0018997 0.0020858 0.0022512 0.002384 0.0025335 0.0027094 0.0029776 0.0032946 0.0037815 0.0038067 0.0034829 0.0032613 0.0030801 0.0028819 0.0026644 0.0024683 0.0022885 0.0021235 0.0019763 
0.001327 0.0013826 0.0015194 0.0016454 0.001754 0.0018805 0.0020237 0.0022369 0.0025028 0.0028025 0.0028213 0.0026164 0.0024447 0.0022697 0.0021152 0.001936 0.0017911 0.0016449 0.0015287 0.0014149 
0.0009527 0.00099969 0.001095 0.0011905 0.0012858 0.0013851 0.0015096 0.001677 0.0018766 0.0020611 0.0020744 0.0019385 0.0018214 0.0016677 0.0015333 0.0013998 0.0012874 0.0011789 0.0010902 0.0010041 
0.00067936 0.00071836 0.00078934 0.00085989 0.00093437 0.001014 0.001109 0.0012487 0.0013892 0.0015452 0.0015381 0.0014379 0.0013463 0.0012232 0.0011058 0.0010093 0.00091978 0.00084025 0.0007704 0.00070917 
0.00048016 0.00051006 0.00056628 0.00061832 0.0006709 0.00073359 0.00081088 0.00091248 0.0010289 0.0011638 0.0011559 0.0010729 0.00098664 0.00088538 0.00079765 0.00072051 0.00065166 0.000593 0.00054269 0.00049927 
0.00033628 0.00036071 0.0004004 0.00044032 0.00048021 0.00052721 0.00059132 0.00066796 0.00075681 0.00085861 0.0008542 0.00078346 0.00071116 0.00063564 0.00057177 0.00051192 0.0004593 0.0004164 0.00038045 0.00034962 
0.00023475 0.00025372 0.00028128 0.0003105 0.0003429 0.00037896 0.00042897 0.0004898 0.00055771 0.00062843 0.00062118 0.00057058 0.00051811 0.00045595 0.00040568 0.0003629 0.00032252 0.00029037 0.00026423 0.00024253 
0.00016333 0.00017804 0.00019689 0.00021792 0.00024154 0.00026987 0.00030737 0.00035547 0.00041061 0.0004514 0.00044837 0.00041695 0.00037132 0.00032588 0.00028575 0.00025242 0.00022527 0.00020279 0.00018358 0.00016688 
0.00011265 0.00012357 0.00013677 0.00015206 0.00016926 0.00019156 0.00021946 0.00025633 0.00029789 0.00033159 0.0003276 0.00030066 0.00026447 0.00023088 0.0002009 0.00017583 0.00015643 0.00013971 0.00012644 0.00011502 
7.7369e-05 8.5271e-05 9.4547e-05 0.0001059 0.00011829 0.00013505 0.00015571 0.00018344 0.00021581 0.00024284 0.00024136 0.00021747 0.00018862 0.00016227 0.00014001 0.00012221 0.00010815 9.6134e-05 8.6917e-05 7.885e-05 
5.3068e-05 5.8294e-05 6.5349e-05 7.3186e-05 8.2511e-05 9.4158e-05 0.00010993 0.00013006 0.00015575 0.00017731 0.00017652 0.00015614 0.00013345 0.00011338 9.7245e-05 8.4116e-05 7.4382e-05 6.5997e-05 5.9473e-05 5.3538e-05 
3.6114e-05 3.9773e-05 4.478e-05 5.0336e-05 5.7057e-05 6.5498e-05 7.7027e-05 9.208e-05 0.0001109 0.0001279 0.00012743 0.00011146 9.3705e-05 7.9024e-05 6.7311e-05 5.8137e-05 5.0969e-05 4.4973e-05 4.0354e-05 3.6255e-05 
2.4407e-05 2.7156e-05 3.0375e-05 3.4541e-05 3.9382e-05 4.5655e-05 5.3748e-05 6.5147e-05 7.9088e-05 9.1551e-05 9.0075e-05 7.9728e-05 6.565e-05 5.4971e-05 4.628e-05 3.9974e-05 3.4807e-05 3.0528e-05 2.7267e-05 2.4569e-05 
1.6482e-05 1.8318e-05 2.0756e-05 2.3478e-05 2.7039e-05 3.1657e-05 3.7405e-05 4.5837e-05 5.6208e-05 6.565e-05 6.3989e-05 5.6095e-05 4.6e-05 3.815e-05 3.1658e-05 2.7144e-05 2.3694e-05 2.0816e-05 1.8563e-05 1.6666e-05 
1.113e-05 1.2368e-05 1.42e-05 1.5957e-05 1.8388e-05 2.1657e-05 2.587e-05 3.2084e-05 3.9787e-05 4.7692e-05 4.6709e-05 3.9624e-05 3.2071e-05 2.6346e-05 2.173e-05 1.8415e-05 1.6049e-05 1.4128e-05 1.259e-05 1.1216e-05 
7.4859e-06 8.4133e-06 9.5256e-06 1.0826e-05 1.2466e-05 1.4754e-05 1.7745e-05 2.2183e-05 2.8119e-05 3.4392e-05 3.3665e-05 2.7888e-05 2.222e-05 1.8011e-05 1.4868e-05 1.2438e-05 1.0865e-05 9.5326e-06 8.4645e-06 7.4707e-06 
5.0036e-06 5.635e-06 6.344e-06 7.3147e-06 8.4205e-06 9.9411e-06 1.2171e-05 1.5084e-05 1.9703e-05 2.4312e-05 2.4385e-05 1.9538e-05 1.5464e-05 1.2265e-05 1.0087e-05 8.5258e-06 7.3628e-06 6.392e-06 5.7157e-06 5.0448e-06 
3.3574e-06 3.7736e-06 4.2781e-06 4.9176e-06 5.7198e-06 6.8204e-06 8.3382e-06 1.0542e-05 1.3745e-05 1.7391e-05 1.7299e-05 1.3747e-05 1.0629e-05 8.3775e-06 6.8235e-06 5.7563e-06 4.9158e-06 4.2796e-06 3.7863e-06 3.3769e-06 
2.2484e-06 2.5213e-06 2.8698e-06 3.2934e-06 3.8662e-06 4.6243e-06 5.6799e-06 7.2693e-06 9.5514e-06 1.2414e-05 1.2352e-05 9.5732e-06 7.2809e-06 5.7318e-06 4.6115e-06 3.8548e-06 3.3074e-06 2.8635e-06 2.5364e-06 2.2609e-06 
1.5012e-06 1.6832e-06 1.9208e-06 2.2256e-06 2.5986e-06 3.1275e-06 3.8497e-06 4.9589e-06 6.569e-06 8.8479e-06 8.731e-06 6.6518e-06 4.9665e-06 3.892e-06 3.1003e-06 2.5852e-06 2.2135e-06 1.9175e-06 1.696e-06 1.5106e-06 
1.0079e-06 1.12e-06 1.2886e-06 1.4833e-06 1.7351e-06 2.0949e-06 2.5994e-06 3.3916e-06 4.5663e-06 6.2016e-06 6.1131e-06 4.6331e-06 3.3922e-06 2.6197e-06 2.0842e-06 1.7393e-06 1.4837e-06 1.2818e-06 1.1305e-06 1.0046e-06 
6.7769e-07 7.4773e-07 8.6172e-07 9.8327e-07 1.1672e-06 1.4047e-06 1.7712e-06 2.3176e-06 3.1718e-06 4.339e-06 4.3149e-06 3.212e-06 2.3191e-06 1.7788e-06 1.4071e-06 1.1636e-06 9.9155e-07 8.5781e-07 7.5575e-07 6.7007e-07 
4.4952e-07 4.9931e-07 5.7745e-07 6.6319e-07 7.8146e-07 9.4599e-07 1.1969e-06 1.5556e-06 2.1889e-06 3.0504e-06 3.0394e-06 2.2034e-06 1.5759e-06 1.1965e-06 9.4798e-07 7.8121e-07 6.5889e-07 5.7171e-07 5.0439e-07 4.4733e-07 
2.9725e-07 3.3155e-07 3.8522e-07 4.4621e-07 5.2564e-07 6.3305e-07 8.0941e-07 1.05e-06 1.5151e-06 2.1458e-06 2.1165e-06 1.4949e-06 1.0633e-06 8.0095e-07 6.4227e-07 5.2422e-07 4.3996e-07 3.7974e-07 3.3537e-07 2.9607e-07 
1.9923e-07 2.2054e-07 2.5618e-07 2.9671e-07 3.5206e-07 4.2592e-07 5.4369e-07 7.1318e-07 1.0353e-06 1.5071e-06 1.4859e-06 1.0338e-06 7.2191e-07 5.4356e-07 4.2528e-07 3.5085e-07 2.9326e-07 2.5854e-07 2.2176e-07 1.9919e-07 
1.3359e-07 1.4926e-07 1.7035e-07 1.9662e-07 2.3265e-07 2.8492e-07 3.5977e-07 4.8709e-07 7.0587e-07 1.0382e-06 1.0319e-06 7.0236e-07 4.8892e-07 3.6988e-07 2.8282e-07 2.3296e-07 1.972e-07 1.7141e-07 1.486e-07 1.3406e-07 
8.975e-08 1.0111e-07 1.1385e-07 1.3279e-07 1.5435e-07 1.8919e-07 2.4279e-07 3.3112e-07 4.8442e-07 7.2793e-07 7.1788e-07 4.7821e-07 3.275e-07 2.4494e-07 1.9131e-07 1.5501e-07 1.3212e-07 1.1257e-07 1.0116e-07 8.9094e-08 
5.9858e-08 6.6846e-08 7.57e-08 8.7977e-08 1.0427e-07 1.2706e-07 1.628e-07 2.2267e-07 3.2906e-07 5.0738e-07 5.0635e-07 3.2949e-07 2.2282e-07 1.6331e-07 1.2758e-07 1.0405e-07 8.7861e-08 7.6027e-08 6.7103e-08 6.0274e-08 
4.0124e-08 4.4645e-08 5.0618e-08 5.8793e-08 6.9601e-08 8.4764e-08 1.09e-07 1.4935e-07 2.2324e-07 3.5078e-07 3.5045e-07 2.2351e-07 1.5006e-07 1.0954e-07 8.5092e-08 6.9615e-08 5.8608e-08 5.0932e-08 4.4972e-08 4.0464e-08 
2.7005e-08 2.9905e-08 3.4028e-08 3.9192e-08 4.6422e-08 5.6684e-08 7.2829e-08 1.0014e-07 1.5111e-07 2.4155e-07 2.4149e-07 1.5161e-07 1.0056e-07 7.3195e-08 5.6874e-08 4.6394e-08 3.9222e-08 3.4119e-08 3.0012e-08 2.7117e-08 
1.8172e-08 2.0145e-08 2.2808e-08 2.6167e-08 3.107e-08 3.7791e-08 4.8558e-08 6.7232e-08 1.0208e-07 1.6597e-07 1.6617e-07 1.0255e-07 6.7103e-08 4.8753e-08 3.7997e-08 3.0929e-08 2.6135e-08 2.2803e-08 2.0214e-08 1.8327e-08 
1.2248e-08 1.359e-08 1.531e-08 1.7512e-08 2.0738e-08 2.5124e-08 3.2334e-08 4.4857e-08 6.8676e-08 1.1365e-07 1.1397e-07 6.8893e-08 4.4897e-08 3.2431e-08 2.5259e-08 2.0636e-08 1.74e-08 1.5214e-08 1.3644e-08 1.2378e-08 
8.2582e-09 9.1292e-09 1.0288e-08 1.1692e-08 1.3838e-08 1.676e-08 2.158e-08 2.9935e-08 4.6103e-08 7.7577e-08 7.7791e-08 4.6309e-08 3.0046e-08 2.1593e-08 1.6806e-08 1.3702e-08 1.1687e-08 1.0254e-08 9.161e-09 8.3605e-09 
5.5534e-09 6.1128e-09 6.8045e-09 7.8015e-09 9.2384e-09 1.1229e-08 1.4378e-08 1.9943e-08 3.1049e-08 5.291e-08 5.2911e-08 3.115e-08 2.0102e-08 1.4431e-08 1.1214e-08 9.1294e-09 7.8268e-09 6.8927e-09 6.1691e-09 5.6359e-09 
3.7497e-09 4.1197e-09 4.5483e-09 5.2482e-09 6.1644e-09 7.473e-09 9.587e-09 1.3279e-08 2.0851e-08 3.5977e-08 3.5898e-08 2.0855e-08 1.3373e-08 9.5917e-09 7.5106e-09 6.1443e-09 5.2583e-09 4.5979e-09 4.1759e-09 3.7589e-09 
2.5272e-09 2.7916e-09 3.093e-09 3.5281e-09 4.1035e-09 4.9664e-09 6.3516e-09 8.8509e-09 1.3946e-08 2.4338e-08 2.4297e-08 1.3857e-08 8.9077e-09 6.3664e-09 5.0333e-09 4.0902e-09 3.5335e-09 3.0912e-09 2.8235e-09 2.5302e-09 
1.7152e-09 1.8717e-09 2.0781e-09 2.3625e-09 2.7386e-09 3.3358e-09 4.2034e-09 5.8626e-09 9.2841e-09 1.6403e-08 1.642e-08 9.2461e-09 5.937e-09 4.264e-09 3.3598e-09 2.735e-09 2.3824e-09 2.0909e-09 1.8922e-09 1.7084e-09 
1.1612e-09 1.2611e-09 1.4073e-09 1.5971e-09 1.8446e-09 2.2282e-09 2.8324e-09 3.9151e-09 6.1771e-09 1.1065e-08 1.1074e-08 6.1852e-09 3.9206e-09 2.8428e-09 2.2241e-09 1.8482e-09 1.5953e-09 1.4045e-09 1.2734e-09 1.1637e-09 
7.8479e-10 8.5523e-10 9.4828e-10 1.0739e-09 1.2394e-09 1.4843e-09 1.8883e-09 2.6073e-09 4.1043e-09 7.4277e-09 7.4347e-09 4.1112e-09 2.6091e-09 1.8916e-09 1.4861e-09 1.2394e-09 1.0669e-09 9.5001e-10 8.572e-10 7.9026e-10 
5.3181e-10 5.8106e-10 6.3756e-10 7.2184e-10 8.3151e-10 9.9347e-10 1.2545e-09 1.7337e-09 2.7292e-09 4.9844e-09 4.9763e-09 2.7264e-09 1.7345e-09 1.2584e-09 9.9919e-10 8.3302e-10 7.1922e-10 6.4091e-10 5.8023e-10 5.359e-10 
3.591e-10 3.9246e-10 4.3115e-10 4.8566e-10 5.554e-10 6.6792e-10 8.3853e-10 1.1499e-09 1.8081e-09 3.3331e-09 3.3278e-09 1.803e-09 1.1536e-09 8.3638e-10 6.69e-10 5.6158e-10 4.8369e-10 4.3148e-10 3.931e-10 3.6362e-10 
2.4259e-10 2.622e-10 2.9147e-10 3.2798e-10 3.7524e-10 4.4806e-10 5.5849e-10 7.6278e-10 1.1956e-09 2.2186e-09 2.2189e-09 1.1963e-09 7.6623e-10 5.5634e-10 4.4536e-10 3.7768e-10 3.2544e-10 2.9197e-10 2.6519e-10 2.4451e-10 
1.6336e-10 1.7732e-10 1.969e-10 2.2049e-10 2.5326e-10 2.9927e-10 3.7225e-10 5.0678e-10 7.9213e-10 1.4712e-09 1.4776e-09 7.9581e-10 5.0779e-10 3.7203e-10 2.9902e-10 2.5379e-10 2.2037e-10 1.9765e-10 1.7845e-10 1.6517e-10 
1.1007e-10 1.2059e-10 1.3352e-10 1.4719e-10 1.7017e-10 2.0052e-10 2.489e-10 3.3925e-10 5.2732e-10 9.762e-10 9.8096e-10 5.2755e-10 3.3881e-10 2.5008e-10 2.0194e-10 1.7023e-10 1.4897e-10 1.3406e-10 1.2033e-10 1.1129e-10 
7.4795e-11 8.1492e-11 8.9757e-11 9.9523e-11 1.1398e-10 1.3457e-10 1.6621e-10 2.2651e-10 3.4888e-10 6.4641e-10 6.4963e-10 3.4792e-10 2.2647e-10 1.6744e-10 1.3546e-10 1.1424e-10 1.0005e-10 9.0305e-11 8.2233e-11 7.5188e-11 
5.0719e-11 5.5514e-11 6.0096e-11 6.7918e-11 7.6932e-11 9.0762e-11 1.1142e-10 1.5015e-10 2.2912e-10 4.2667e-10 4.2878e-10 2.3086e-10 1.5029e-10 1.1128e-10 9.1335e-11 7.7115e-11 6.6589e-11 6.0961e-11 5.5771e-11 5.0881e-11 
3.4084e-11 3.7424e-11 4.0622e-11 4.5566e-11 5.1534e-11 6.1283e-11 7.5037e-11 9.9129e-11 1.51e-10 2.8116e-10 2.8238e-10 1.5442e-10 1.0014e-10 7.4764e-11 6.1905e-11 5.1533e-11 4.5909e-11 4.0925e-11 3.6869e-11 3.3844e-11 
2.2891e-11 2.5105e-11 2.7495e-11 3.0572e-11 3.4893e-11 4.0787e-11 5.0097e-11 6.6571e-11 1.0077e-10 1.8576e-10 1.8612e-10 1.0121e-10 6.6918e-11 5.0342e-11 4.1042e-11 3.4937e-11 3.0691e-11 2.7633e-11 2.5005e-11 2.3083e-11 
1.5416e-11 1.6919e-11 1.8549e-11 2.0609e-11 2.3593e-11 2.7509e-11 3.3511e-11 4.4549e-11 6.6896e-11 1.2235e-10 1.2282e-10 6.7251e-11 4.4696e-11 3.3782e-11 2.7583e-11 2.3589e-11 2.0643e-11 1.855e-11 1.6887e-11 1.5569e-11 
1.0298e-11 1.1321e-11 1.2437e-11 1.3948e-11 1.5806e-11 1.8553e-11 2.2532e-11 2.9763e-11 4.4504e-11 8.0483e-11 8.0895e-11 4.4692e-11 2.9739e-11 2.2605e-11 1.8533e-11 1.5942e-11 1.3858e-11 1.2487e-11 1.1402e-11 1.0468e-11 
6.9573e-12 7.6075e-12 8.3535e-12 9.4112e-12 1.0615e-11 1.2521e-11 1.5177e-11 1.9809e-11 2.9389e-11 5.302e-11 5.2965e-11 2.9595e-11 1.9898e-11 1.519e-11 1.2518e-11 1.0597e-11 9.3607e-12 8.403e-12 7.7073e-12 7.0709e-12 
4.7009e-12 5.1068e-12 5.6256e-12 6.3014e-12 7.1691e-12 8.3656e-12 1.0185e-11 1.3236e-11 1.9434e-11 3.4856e-11 3.4789e-11 1.9647e-11 1.3412e-11 1.0187e-11 8.4742e-12 7.1029e-12 6.2586e-12 5.6851e-12 5.1265e-12 4.7143e-12 
3.1321e-12 3.4341e-12 3.7644e-12 4.2286e-12 4.8222e-12 5.6201e-12 6.8467e-12 8.8772e-12 1.2953e-11 2.2843e-11 2.2884e-11 1.3047e-11 8.887e-12 6.8395e-12 5.6518e-12 4.8069e-12 4.1729e-12 3.8013e-12 3.4362e-12 3.1312e-12 
2.0967e-12 2.2808e-12 2.5113e-12 2.839e-12 3.2367e-12 3.7776e-12 4.5986e-12 5.9267e-12 8.6332e-12 1.5033e-11 1.5032e-11 8.654e-12 5.9728e-12 4.5865e-12 3.772e-12 3.2341e-12 2.81e-12 2.5408e-12 2.2916e-12 2.0859e-12 
1.4047e-12 1.5145e-12 1.6847e-12 1.8974e-12 2.1658e-12 2.5388e-12 3.0919e-12 3.9802e-12 5.7719e-12 9.8542e-12 9.8438e-12 5.7502e-12 4.0079e-12 3.0809e-12 2.5331e-12 2.1694e-12 1.9054e-12 1.7035e-12 1.5334e-12 1.3908e-12 
9.3434e-13 1.0123e-12 1.1345e-12 1.2539e-12 1.4465e-12 1.7005e-12 2.0579e-12 2.6688e-12 3.8249e-12 6.4722e-12 6.4449e-12 3.8369e-12 2.6648e-12 2.0786e-12 1.6969e-12 1.4491e-12 1.2749e-12 1.1446e-12 1.0174e-12 9.2536e-13 
6.1915e-13 6.738e-13 7.5314e-13 8.3586e-13 9.7247e-13 1.1317e-12 1.3687e-12 1.7775e-12 2.543e-12 4.2532e-12 4.2519e-12 2.577e-12 1.7881e-12 1.3827e-12 1.1298e-12 9.6139e-13 8.5098e-13 7.5856e-13 6.7261e-13 6.2124e-13 
4.1559e-13 4.5219e-13 4.9488e-13 5.663e-13 6.4393e-13 7.586e-13 9.206e-13 1.1871e-12 1.6906e-12 2.793e-12 2.8002e-12 1.7081e-12 1.1951e-12 9.2887e-13 7.5781e-13 6.4098e-13 5.6606e-13 5.0488e-13 4.5319e-13 4.1575e-13 
