0.0057926 0.0057355 0.0063235 0.0068498 0.0070746 0.0072712 0.0077088 0.0084405 0.0094956 0.011332 0.011447 0.010035 0.0094144 0.0090548 0.0086808 0.0082413 0.0077674 0.0073055 0.0068735 0.0064601 
0.0042876 0.0042864 0.0047209 0.0051316 0.0053406 0.0055106 0.0058755 0.0064518 0.0072166 0.0084585 0.0085165 0.0076127 0.0071713 0.0068712 0.0065607 0.00616 0.0057862 0.0054121 0.0050666 0.0047484 
0.0031503 0.00318 0.0035152 0.0038178 0.0039991 0.004156 0.0044552 0.0049082 0.0054786 0.0063036 0.0063583 0.0057487 0.0054346 0.0051757 0.0049062 0.0045855 0.004283 0.0039828 0.0037121 0.0034682 
0.0022956 0.0023451 0.0025991 0.0028188 0.0029691 0.0031192 0.0033566 0.0037093 0.0041491 0.0047296 0.0047349 0.0043103 0.0040791 0.0038724 0.0036304 0.0033896 0.0031451 0.0029081 0.0027067 0.0025167 
0.0016618 0.0017168 0.0019041 0.0020699 0.0021992 0.0023301 0.0025198 0.0027965 0.0031372 0.0035351 0.0035309 0.0032163 0.0030412 0.0028841 0.0026725 0.0024807 0.0022837 0.0021092 0.0019506 0.0018125 
0.0012031 0.0012482 0.0013837 0.0015084 0.001616 0.0017254 0.0018841 0.0021026 0.0023543 0.0026282 0.0026505 0.0024109 0.0022704 0.0021306 0.0019628 0.001797 0.0016504 0.0015196 0.0013965 0.001295 
0.00086529 0.00090213 0.00099839 0.0010904 0.0011752 0.0012674 0.0013985 0.0015754 0.0017549 0.0019331 0.0019627 0.0018066 0.0016858 0.0015691 0.0014288 0.0012999 0.0011897 0.0010897 0.00099541 0.00091906 
0.00061367 0.00064707 0.00071612 0.00078948 0.0008535 0.0009271 0.0010297 0.0011723 0.001302 0.0014339 0.0014515 0.0013432 0.0012465 0.0011422 0.0010301 0.00093841 0.00085072 0.00077346 0.00070679 0.00064905 
0.00043424 0.00046095 0.00050982 0.00056432 0.00061666 0.00067463 0.00075717 0.000861 0.00097115 0.0010801 0.0010864 0.00099049 0.00091537 0.00082455 0.00074082 0.00067027 0.00060191 0.00054507 0.00049786 0.00045681 
0.00030494 0.00032668 0.00036271 0.00039969 0.00044009 0.00048932 0.00055025 0.00063021 0.00072202 0.00079765 0.00080059 0.00073167 0.00066205 0.00059115 0.00052697 0.00047112 0.00042229 0.00038193 0.00034627 0.00031872 
0.00021244 0.00023 0.00025502 0.00028237 0.00031227 0.00034841 0.00039634 0.00045926 0.00052871 0.00058325 0.00058319 0.00053635 0.00047981 0.00042667 0.000375 0.00033145 0.00029609 0.00026678 0.00024067 0.00021954 
0.00014734 0.00016039 0.00017796 0.00019799 0.0002207 0.00024824 0.00028411 0.00033087 0.0003863 0.00042747 0.00042993 0.0003909 0.00034461 0.00030347 0.00026441 0.0002322 0.00020626 0.00018474 0.00016624 0.00015101 
0.00010158 0.00011098 0.0001235 0.00013789 0.00015486 0.00017572 0.00020259 0.00023908 0.00027948 0.00031197 0.0003131 0.00028312 0.00024734 0.0002142 0.00018449 0.00016162 0.00014246 0.0001269 0.00011419 0.00010325 
6.9699e-05 7.6567e-05 8.5375e-05 9.5452e-05 0.00010802 0.00012353 0.00014338 0.00017124 0.00020241 0.00022783 0.00022728 0.00020396 0.00017607 0.00014935 0.00012845 0.0001117 9.7956e-05 8.7247e-05 7.8334e-05 7.0333e-05 
4.7525e-05 5.2394e-05 5.8576e-05 6.5771e-05 7.4898e-05 8.625e-05 0.00010084 0.00012145 0.00014578 0.00016603 0.00016522 0.00014578 0.00012427 0.00010426 8.9419e-05 7.6536e-05 6.7411e-05 5.9872e-05 5.3426e-05 4.7891e-05 
3.2246e-05 3.5572e-05 4.0356e-05 4.5341e-05 5.1628e-05 5.9917e-05 7.0535e-05 8.5864e-05 0.00010454 0.00012099 0.00011985 0.00010439 8.7464e-05 7.288e-05 6.1878e-05 5.276e-05 4.6175e-05 4.0623e-05 3.6261e-05 3.2537e-05 
2.1834e-05 2.4157e-05 2.7555e-05 3.1155e-05 3.5476e-05 4.1339e-05 4.94e-05 6.0546e-05 7.4555e-05 8.7303e-05 8.7261e-05 7.4233e-05 6.156e-05 5.0694e-05 4.2401e-05 3.6272e-05 3.141e-05 2.7518e-05 2.4519e-05 2.1933e-05 
1.4729e-05 1.6345e-05 1.8517e-05 2.118e-05 2.4403e-05 2.8515e-05 3.4304e-05 4.2397e-05 5.2655e-05 6.218e-05 6.2706e-05 5.2821e-05 4.2889e-05 3.4962e-05 2.894e-05 2.4628e-05 2.1292e-05 1.8563e-05 1.6564e-05 1.4771e-05 
9.879e-06 1.1023e-05 1.2533e-05 1.4272e-05 1.6629e-05 1.9578e-05 2.3657e-05 2.9581e-05 3.7467e-05 4.4503e-05 4.4738e-05 3.7719e-05 2.9751e-05 2.3988e-05 1.9775e-05 1.6704e-05 1.4381e-05 1.2559e-05 1.1161e-05 9.9718e-06 
6.6149e-06 7.3979e-06 8.4347e-06 9.6691e-06 1.1191e-05 1.3357e-05 1.6221e-05 2.0425e-05 2.6383e-05 3.1931e-05 3.1942e-05 2.626e-05 2.049e-05 1.6426e-05 1.344e-05 1.1286e-05 9.7678e-06 8.49e-06 7.469e-06 6.6538e-06 
4.4328e-06 4.9847e-06 5.6652e-06 6.5212e-06 7.6213e-06 9.0532e-06 1.1097e-05 1.4129e-05 1.8499e-05 2.2929e-05 2.2767e-05 1.8379e-05 1.4123e-05 1.1213e-05 9.1337e-06 7.6143e-06 6.5113e-06 5.6648e-06 4.986e-06 4.4498e-06 
2.9484e-06 3.3283e-06 3.7886e-06 4.3707e-06 5.1191e-06 6.1256e-06 7.5596e-06 9.7193e-06 1.2885e-05 1.6308e-05 1.624e-05 1.2817e-05 9.7082e-06 7.6258e-06 6.1724e-06 5.128e-06 4.3666e-06 3.7967e-06 3.338e-06 2.9606e-06 
1.9668e-06 2.2169e-06 2.5366e-06 2.9092e-06 3.4182e-06 4.1283e-06 5.146e-06 6.6322e-06 8.9228e-06 1.1538e-05 1.1575e-05 8.912e-06 6.6224e-06 5.1487e-06 4.1562e-06 3.4521e-06 2.9385e-06 2.5453e-06 2.2258e-06 1.9646e-06 
1.3143e-06 1.4661e-06 1.6923e-06 1.9527e-06 2.2891e-06 2.7803e-06 3.4902e-06 4.5095e-06 6.1668e-06 8.1769e-06 8.1938e-06 6.1556e-06 4.5307e-06 3.481e-06 2.792e-06 2.3029e-06 1.9566e-06 1.6943e-06 1.4774e-06 1.3097e-06 
8.7625e-07 9.7095e-07 1.1217e-06 1.3061e-06 1.5395e-06 1.8624e-06 2.348e-06 3.0887e-06 4.2584e-06 5.7564e-06 5.75e-06 4.2202e-06 3.0649e-06 2.3546e-06 1.8728e-06 1.5372e-06 1.3027e-06 1.121e-06 9.826e-07 8.7726e-07 
5.8151e-07 6.4652e-07 7.446e-07 8.6691e-07 1.0372e-06 1.2472e-06 1.5772e-06 2.1071e-06 2.9531e-06 4.0015e-06 4.0079e-06 2.9147e-06 2.0656e-06 1.5779e-06 1.2523e-06 1.0277e-06 8.689e-07 7.461e-07 6.5642e-07 5.8294e-07 
3.8115e-07 4.2966e-07 4.9749e-07 5.7604e-07 6.8794e-07 8.379e-07 1.063e-06 1.4229e-06 2.0141e-06 2.8166e-06 2.8266e-06 2.0055e-06 1.4069e-06 1.0636e-06 8.3634e-07 6.8988e-07 5.7363e-07 4.953e-07 4.4117e-07 3.8552e-07 
2.5383e-07 2.8563e-07 3.3199e-07 3.8199e-07 4.5118e-07 5.6076e-07 7.0691e-07 9.5705e-07 1.3568e-06 1.9939e-06 1.9812e-06 1.3749e-06 9.5576e-07 7.1697e-07 5.573e-07 4.5914e-07 3.8397e-07 3.2892e-07 2.9283e-07 2.5446e-07 
1.704e-07 1.9207e-07 2.2086e-07 2.5377e-07 2.9955e-07 3.7176e-07 4.7218e-07 6.4378e-07 9.3201e-07 1.3909e-06 1.3772e-06 9.3464e-07 6.4334e-07 4.7318e-07 3.7116e-07 3.047e-07 2.5459e-07 2.19e-07 1.9262e-07 1.6936e-07 
1.1342e-07 1.2776e-07 1.4572e-07 1.6953e-07 2.0005e-07 2.4772e-07 3.1537e-07 4.2892e-07 6.3929e-07 9.6047e-07 9.5318e-07 6.3424e-07 4.2962e-07 3.1773e-07 2.4693e-07 2.0338e-07 1.6931e-07 1.4622e-07 1.2833e-07 1.1509e-07 
7.5674e-08 8.4946e-08 9.698e-08 1.1263e-07 1.3399e-07 1.6497e-07 2.1189e-07 2.912e-07 4.3264e-07 6.668e-07 6.6709e-07 4.3291e-07 2.9177e-07 2.129e-07 1.6497e-07 1.3402e-07 1.1255e-07 9.7161e-08 8.5335e-08 7.6179e-08 
5.0557e-08 5.6746e-08 6.4685e-08 7.4862e-08 8.9183e-08 1.0985e-07 1.4107e-07 1.9486e-07 2.9297e-07 4.5998e-07 4.6024e-07 2.9303e-07 1.9545e-07 1.4193e-07 1.0966e-07 8.9156e-08 7.49e-08 6.4586e-08 5.6888e-08 5.1054e-08 
3.3819e-08 3.7739e-08 4.3122e-08 4.9881e-08 5.9311e-08 7.3037e-08 9.387e-08 1.2996e-07 1.9793e-07 3.1642e-07 3.1627e-07 1.9799e-07 1.3063e-07 9.4308e-08 7.2993e-08 5.9182e-08 4.9756e-08 4.2973e-08 3.796e-08 3.4114e-08 
2.2671e-08 2.5173e-08 2.8647e-08 3.325e-08 3.9424e-08 4.8526e-08 6.2453e-08 8.67e-08 1.3313e-07 2.1688e-07 2.1674e-07 1.3336e-07 8.7164e-08 6.2681e-08 4.8496e-08 3.9444e-08 3.3177e-08 2.8677e-08 2.534e-08 2.2729e-08 
1.5224e-08 1.6824e-08 1.9146e-08 2.2112e-08 2.6118e-08 3.2079e-08 4.1453e-08 5.7966e-08 8.9246e-08 1.4815e-07 1.4806e-07 8.9483e-08 5.8016e-08 4.1642e-08 3.218e-08 2.6219e-08 2.2114e-08 1.9168e-08 1.6957e-08 1.5262e-08 
1.0184e-08 1.1309e-08 1.2743e-08 1.4726e-08 1.7417e-08 2.1318e-08 2.7529e-08 3.8615e-08 5.9938e-08 1.01e-07 1.009e-07 5.9955e-08 3.8547e-08 2.7604e-08 2.1365e-08 1.7381e-08 1.4682e-08 1.2749e-08 1.1406e-08 1.0285e-08 
6.857e-09 7.5954e-09 8.4849e-09 9.839e-09 1.1615e-08 1.4153e-08 1.8277e-08 2.5621e-08 4.0166e-08 6.863e-08 6.8616e-08 4.0137e-08 2.5651e-08 1.8357e-08 1.4192e-08 1.1588e-08 9.7945e-09 8.4947e-09 7.6428e-09 6.879e-09 
4.6363e-09 5.0974e-09 5.704e-09 6.5719e-09 7.766e-09 9.3783e-09 1.2132e-08 1.7029e-08 2.6779e-08 4.6496e-08 4.6502e-08 2.6808e-08 1.7056e-08 1.2191e-08 9.4261e-09 7.7339e-09 6.5588e-09 5.7107e-09 5.1177e-09 4.5979e-09 
3.13e-09 3.4334e-09 3.8196e-09 4.3931e-09 5.1775e-09 6.2715e-09 8.0462e-09 1.1315e-08 1.7807e-08 3.1373e-08 3.1436e-08 1.7894e-08 1.1339e-08 8.0976e-09 6.2619e-09 5.1348e-09 4.3919e-09 3.8391e-09 3.4372e-09 3.1174e-09 
2.0884e-09 2.2966e-09 2.5634e-09 2.9413e-09 3.4154e-09 4.175e-09 5.3003e-09 7.4733e-09 1.1888e-08 2.1158e-08 2.1224e-08 1.1872e-08 7.5575e-09 5.3813e-09 4.1389e-09 3.4038e-09 2.9123e-09 2.5823e-09 2.3224e-09 2.105e-09 
1.4145e-09 1.5544e-09 1.7358e-09 1.9683e-09 2.2914e-09 2.7752e-09 3.5554e-09 4.9549e-09 7.8891e-09 1.4243e-08 1.4247e-08 7.8984e-09 4.9777e-09 3.5646e-09 2.7843e-09 2.2899e-09 1.9638e-09 1.7319e-09 1.5611e-09 1.4192e-09 
9.5916e-10 1.051e-09 1.1694e-09 1.3247e-09 1.5327e-09 1.8436e-09 2.3595e-09 3.2937e-09 5.2373e-09 9.5491e-09 9.5377e-09 5.2379e-09 3.3006e-09 2.3633e-09 1.8622e-09 1.5279e-09 1.3213e-09 1.1632e-09 1.0513e-09 9.6212e-10 
6.5094e-10 7.0828e-10 7.846e-10 8.9209e-10 1.0295e-09 1.229e-09 1.5655e-09 2.1797e-09 3.4751e-09 6.3931e-09 6.3776e-09 3.4727e-09 2.1869e-09 1.5712e-09 1.2447e-09 1.0235e-09 8.9332e-10 7.8721e-10 7.1125e-10 6.5244e-10 
4.401e-10 4.7678e-10 5.3047e-10 5.9851e-10 6.8849e-10 8.2354e-10 1.0424e-09 1.4405e-09 2.2969e-09 4.2605e-09 4.2544e-09 2.3011e-09 1.446e-09 1.047e-09 8.2943e-10 6.8626e-10 5.9993e-10 5.3233e-10 4.8273e-10 4.4161e-10 
2.9749e-10 3.2397e-10 3.5872e-10 4.0113e-10 4.5948e-10 5.5471e-10 6.954e-10 9.6005e-10 1.5189e-09 2.8293e-09 2.8343e-09 1.5208e-09 9.6098e-10 6.9847e-10 5.5161e-10 4.6327e-10 4.0091e-10 3.5961e-10 3.2534e-10 2.9918e-10 
2.0044e-10 2.2049e-10 2.4182e-10 2.7e-10 3.0844e-10 3.7134e-10 4.6471e-10 6.3509e-10 1.0043e-09 1.8753e-09 1.8826e-09 1.006e-09 6.3374e-10 4.6534e-10 3.6699e-10 3.1177e-10 2.7269e-10 2.4244e-10 2.1942e-10 2.0187e-10 
1.368e-10 1.4901e-10 1.6366e-10 1.8262e-10 2.0873e-10 2.4808e-10 3.1e-10 4.1986e-10 6.6452e-10 1.2468e-09 1.2459e-09 6.6481e-10 4.1927e-10 3.0926e-10 2.4728e-10 2.0871e-10 1.8406e-10 1.6259e-10 1.4956e-10 1.3708e-10 
9.2514e-11 1.0102e-10 1.1099e-10 1.2324e-10 1.4115e-10 1.6741e-10 2.0688e-10 2.8097e-10 4.3843e-10 8.2388e-10 8.2235e-10 4.3804e-10 2.793e-10 2.0733e-10 1.666e-10 1.4128e-10 1.2381e-10 1.0976e-10 1.0087e-10 9.3644e-11 
6.2754e-11 6.816e-11 7.4381e-11 8.3932e-11 9.5563e-11 1.1194e-10 1.3796e-10 1.8723e-10 2.8758e-10 5.4294e-10 5.4163e-10 2.8939e-10 1.8595e-10 1.3931e-10 1.1114e-10 9.6061e-11 8.3568e-11 7.4102e-11 6.8348e-11 6.2898e-11 
4.2539e-11 4.5414e-11 5.0099e-11 5.6963e-11 6.4287e-11 7.5259e-11 9.2912e-11 1.2365e-10 1.901e-10 3.5859e-10 3.578e-10 1.9111e-10 1.243e-10 9.2913e-11 7.4472e-11 6.4592e-11 5.5906e-11 5.0463e-11 4.6322e-11 4.2766e-11 
2.8624e-11 3.1062e-11 3.4242e-11 3.8051e-11 4.3368e-11 5.0448e-11 6.2148e-11 8.2074e-11 1.2652e-10 2.3569e-10 2.3616e-10 1.2717e-10 8.2621e-11 6.223e-11 5.0667e-11 4.3291e-11 3.829e-11 3.4546e-11 3.1182e-11 2.899e-11 
1.9391e-11 2.105e-11 2.3114e-11 2.5827e-11 2.9245e-11 3.3956e-11 4.1638e-11 5.4769e-11 8.3531e-11 1.5513e-10 1.5494e-10 8.3932e-11 5.5188e-11 4.1897e-11 3.4203e-11 2.9377e-11 2.5861e-11 2.3424e-11 2.1116e-11 1.954e-11 
1.3099e-11 1.4155e-11 1.5614e-11 1.7425e-11 1.9664e-11 2.2906e-11 2.7844e-11 3.6624e-11 5.5402e-11 1.0186e-10 1.0192e-10 5.5311e-11 3.6739e-11 2.8059e-11 2.305e-11 1.9783e-11 1.7447e-11 1.5812e-11 1.4276e-11 1.3206e-11 
8.8522e-12 9.5258e-12 1.0412e-11 1.1778e-11 1.3285e-11 1.5575e-11 1.8767e-11 2.4703e-11 3.682e-11 6.6717e-11 6.7111e-11 3.6672e-11 2.4635e-11 1.879e-11 1.5574e-11 1.3314e-11 1.1773e-11 1.0687e-11 9.5948e-12 8.9084e-12 
5.9829e-12 6.4376e-12 7.0846e-12 7.9427e-12 9.0236e-12 1.0538e-11 1.2731e-11 1.65e-11 2.4434e-11 4.3812e-11 4.3912e-11 2.4386e-11 1.6525e-11 1.2601e-11 1.0538e-11 9.0101e-12 7.9194e-12 7.1861e-12 6.4562e-12 6.0251e-12 
4.0106e-12 4.3711e-12 4.8172e-12 5.3421e-12 6.0885e-12 7.0705e-12 8.5635e-12 1.1034e-11 1.6181e-11 2.8777e-11 2.875e-11 1.6227e-11 1.1064e-11 8.5498e-12 7.0821e-12 6.068e-12 5.3532e-12 4.8108e-12 4.3672e-12 4.0415e-12 
2.6959e-12 2.9399e-12 3.2545e-12 3.6017e-12 4.1144e-12 4.7457e-12 5.7407e-12 7.4038e-12 1.075e-11 1.8929e-11 1.8897e-11 1.0778e-11 7.4453e-12 5.743e-12 4.7602e-12 4.0973e-12 3.6193e-12 3.2562e-12 2.9472e-12 2.7102e-12 
1.8183e-12 1.963e-12 2.1865e-12 2.4178e-12 2.7702e-12 3.175e-12 3.8739e-12 4.9502e-12 7.1879e-12 1.2412e-11 1.2411e-11 7.1875e-12 4.99e-12 3.8413e-12 3.2079e-12 2.7614e-12 2.4274e-12 2.1925e-12 1.9925e-12 1.8296e-12 
1.2221e-12 1.3125e-12 1.4716e-12 1.6157e-12 1.8476e-12 2.1617e-12 2.5897e-12 3.3221e-12 4.7985e-12 8.1441e-12 8.1262e-12 4.7912e-12 3.3407e-12 2.6003e-12 2.1588e-12 1.8634e-12 1.626e-12 1.463e-12 1.326e-12 1.2147e-12 
8.1769e-13 8.761e-13 9.8104e-13 1.0892e-12 1.2481e-12 1.4566e-12 1.7399e-12 2.2481e-12 3.1917e-12 5.3803e-12 5.3421e-12 3.2072e-12 2.2338e-12 1.7502e-12 1.462e-12 1.2574e-12 1.0912e-12 9.8536e-13 8.7979e-13 8.1121e-13 
5.4373e-13 5.9096e-13 6.529e-13 7.3418e-13 8.3258e-13 9.7656e-13 1.1768e-12 1.5026e-12 2.1215e-12 3.5439e-12 3.5386e-12 2.1477e-12 1.4968e-12 1.1825e-12 9.8204e-13 8.4295e-13 7.3276e-13 6.6124e-13 5.9897e-13 5.4377e-13 
