0.106 0.17 0.17 0.18 0.21 0.29 0.67 0.67 0.40 0.30 0.31 0.28 0.25
0.168 0.11 0.11 0.12 0.13 0.17 0.35 0.35 0.22 0.18 0.19 0.18 0.16
0.299 0.51E-01 0.53E-01 0.56E-01 0.60E-01 0.70E-01 0.12 0.12 0.86E-01 0.76E-01 0.82E-01 0.77E-01 0.71E-01
0.531 0.19E-01 0.19E-01 0.21E-01 0.23E-01 0.25E-01 0.38E-01 0.38E-01 0.29E-01 0.26E-01 0.28E-01 0.26E-01 0.24E-01
0.944 0.53E-02 0.56E-02 0.62E-02 0.70E-02 0.79E-02 0.99E-02 0.99E-02 0.83E-02 0.75E-02 0.74E-02 0.67E-02 0.62E-02
1.679 0.12E-02 0.13E-02 0.15E-02 0.18E-02 0.21E-02 0.24E-02 0.24E-02 0.21E-02 0.18E-02 0.16E-02 0.14E-02 0.13E-02
2.985 0.21E-03 0.24E-03 0.29E-03 0.37E-03 0.47E-03 0.56E-03 0.56E-03 0.46E-03 0.36E-03 0.30E-03 0.24E-03 0.21E-03
5.309 0.33E-04 0.39E-04 0.50E-04 0.67E-04 0.95E-04 0.12E-03 0.12E-03 0.95E-04 0.67E-04 0.50E-04 0.40E-04 0.34E-04
9.441 0.45E-05 0.52E-05 0.70E-05 0.10E-04 0.16E-04 0.24E-04 0.24E-04 0.16E-04 0.10E-04 0.70E-05 0.52E-05 0.45E-05
16.788 0.57E-06 0.68E-06 0.91E-06 0.14E-05 0.23E-05 0.41E-05 0.41E-05 0.23E-05 0.14E-05 0.91E-06 0.68E-06 0.57E-06
29.854 0.70E-07 0.85E-07 0.11E-06 0.17E-06 0.32E-06 0.64E-06 0.64E-06 0.32E-06 0.17E-06 0.11E-06 0.85E-07 0.70E-07
53.088 0.80E-08 0.10E-07 0.14E-07 0.20E-07 0.41E-07 0.90E-07 0.90E-07 0.41E-07 0.20E-07 0.14E-07 0.10E-07 0.80E-08
94.406 0.84E-09 0.11E-08 0.16E-08 0.23E-08 0.51E-08 0.11E-07 0.11E-07 0.51E-08 0.23E-08 0.16E-08 0.11E-08 0.85E-09
167.880 0.81E-10 0.11E-09 0.19E-09 0.25E-09 0.62E-09 0.12E-08 0.12E-08 0.62E-09 0.25E-09 0.19E-09 0.10E-09 0.79E-10

