0.106 0.34 0.35 0.37 0.43 0.60 1.5 1.5 0.81 0.62 0.62 0.56 0.51
0.168 0.23 0.23 0.24 0.26 0.34 0.71 0.71 0.43 0.35 0.38 0.35 0.33
0.299 0.11 0.11 0.11 0.12 0.14 0.24 0.24 0.16 0.14 0.16 0.15 0.15
0.531 0.41E-01 0.41E-01 0.42E-01 0.44E-01 0.48E-01 0.69E-01 0.69E-01 0.53E-01 0.49E-01 0.54E-01 0.52E-01 0.51E-01
0.944 0.12E-01 0.13E-01 0.13E-01 0.14E-01 0.15E-01 0.18E-01 0.18E-01 0.15E-01 0.14E-01 0.15E-01 0.14E-01 0.14E-01
1.679 0.31E-02 0.32E-02 0.33E-02 0.36E-02 0.38E-02 0.43E-02 0.43E-02 0.37E-02 0.35E-02 0.35E-02 0.33E-02 0.33E-02
2.985 0.68E-03 0.70E-03 0.74E-03 0.80E-03 0.89E-03 0.97E-03 0.97E-03 0.86E-03 0.78E-03 0.74E-03 0.70E-03 0.68E-03
5.309 0.14E-03 0.14E-03 0.15E-03 0.16E-03 0.19E-03 0.21E-03 0.21E-03 0.20E-03 0.17E-03 0.16E-03 0.15E-03 0.14E-03
9.441 0.26E-04 0.27E-04 0.28E-04 0.32E-04 0.37E-04 0.41E-04 0.41E-04 0.37E-04 0.32E-04 0.28E-04 0.27E-04 0.26E-04
16.788 0.48E-05 0.51E-05 0.52E-05 0.60E-05 0.71E-05 0.76E-05 0.76E-05 0.71E-05 0.60E-05 0.51E-05 0.51E-05 0.48E-05
29.854 0.85E-06 0.89E-06 0.94E-06 0.11E-05 0.13E-05 0.14E-05 0.14E-05 0.13E-05 0.11E-05 0.93E-06 0.89E-06 0.85E-06
53.088 0.14E-06 0.14E-06 0.16E-06 0.18E-06 0.22E-06 0.24E-06 0.24E-06 0.22E-06 0.18E-06 0.16E-06 0.14E-06 0.14E-06
94.406 0.20E-07 0.21E-07 0.24E-07 0.28E-07 0.34E-07 0.39E-07 0.39E-07 0.34E-07 0.28E-07 0.24E-07 0.21E-07 0.20E-07
167.880 0.27E-08 0.27E-08 0.33E-08 0.42E-08 0.46E-08 0.60E-08 0.60E-08 0.47E-08 0.41E-08 0.33E-08 0.27E-08 0.27E-09
