0.013238 0.012797 0.013453 0.013936 0.013922 0.013811 0.01412 0.014999 0.016409 0.018984 0.019208 0.017376 0.016843 0.01662 0.016366 0.016014 0.015655 0.015267 0.014909 0.014543 
0.010028 0.0097667 0.01023 0.0106 0.010628 0.010564 0.010841 0.011496 0.012483 0.014256 0.014453 0.013189 0.012808 0.012649 0.012414 0.012123 0.011817 0.011494 0.01122 0.010933 
0.0075738 0.0074376 0.0077587 0.0080254 0.0080911 0.0080787 0.0082918 0.0087862 0.0095022 0.010677 0.01087 0.0099535 0.009712 0.0095788 0.0093681 0.0091289 0.0088719 0.0086223 0.0084144 0.0082014 
0.0057014 0.0056272 0.0058667 0.0060535 0.0061245 0.0061537 0.0063284 0.0066944 0.0072233 0.0080066 0.0081018 0.0075351 0.0073551 0.0072163 0.0070262 0.0068385 0.0066367 0.0064408 0.0062791 0.0061106 
0.0042727 0.0042302 0.0044034 0.0045446 0.0046154 0.0046555 0.0048027 0.0050764 0.0054766 0.0060274 0.006058 0.0056768 0.0055453 0.0054214 0.0052591 0.005092 0.0049391 0.0047911 0.0046672 0.0045379 
0.0031878 0.0031682 0.0032865 0.003395 0.0034588 0.0035043 0.0036257 0.0038323 0.004123 0.0044915 0.0045129 0.004249 0.0041485 0.0040495 0.0039108 0.0037779 0.0036553 0.0035498 0.0034449 0.0033587 
0.002365 0.0023649 0.0024437 0.002523 0.0025799 0.0026235 0.0027198 0.0028753 0.0031076 0.0033488 0.0033529 0.0031852 0.0030812 0.0029961 0.0028881 0.0027895 0.00269 0.0026109 0.0025321 0.0024655 
0.0017402 0.0017517 0.00181 0.001868 0.0019164 0.0019537 0.0020327 0.0021476 0.002327 0.0024913 0.0024895 0.0023757 0.0022956 0.0022089 0.0021243 0.0020512 0.0019739 0.0019136 0.0018549 0.0018054 
0.0012796 0.0012915 0.0013351 0.0013757 0.0014117 0.0014486 0.0015146 0.0016013 0.0017275 0.0018442 0.001841 0.0017701 0.0017028 0.0016266 0.0015559 0.0015007 0.0014424 0.0013944 0.0013531 0.0013222 
0.00093896 0.00095037 0.00098003 0.0010125 0.0010391 0.0010694 0.0011174 0.001188 0.0012874 0.0013606 0.0013545 0.0013043 0.0012466 0.0011893 0.0011367 0.0010922 0.0010505 0.0010171 0.00098529 0.00096339 
0.00068603 0.00069585 0.0007171 0.00073848 0.00076114 0.00078712 0.00082387 0.00087852 0.00094435 0.0010035 0.001 0.00095497 0.00091375 0.00087083 0.0008278 0.00079454 0.00076485 0.00074033 0.00071714 0.00069682 
0.00049905 0.00050723 0.0005218 0.00053885 0.00055558 0.00057639 0.00060417 0.00064617 0.00069638 0.00074079 0.00073807 0.00070267 0.00066804 0.000634 0.00060117 0.00057495 0.00055442 0.00053622 0.00052016 0.00050567 
0.00036233 0.00036877 0.00037984 0.00039151 0.00040404 0.00042077 0.00044162 0.00047248 0.00051053 0.00054062 0.0005389 0.00051349 0.00048664 0.00046037 0.00043536 0.00041566 0.000401 0.00038739 0.00037615 0.00036635 
0.00026201 0.00026702 0.00027543 0.00028381 0.00029354 0.00030612 0.00032247 0.0003444 0.00037229 0.00039647 0.00039579 0.0003737 0.00035208 0.00033296 0.00031386 0.00030055 0.00028906 0.00027902 0.00027151 0.00026399 
0.00018901 0.00019328 0.000199 0.00020545 0.00021292 0.00022165 0.00023426 0.00025069 0.00027051 0.00029086 0.00029069 0.00027263 0.00025433 0.0002403 0.00022641 0.00021677 0.00020783 0.00020078 0.00019554 0.00018995 
0.00013627 0.00013941 0.00014346 0.0001482 0.00015312 0.00016001 0.00016939 0.00018193 0.00019674 0.00021238 0.00021078 0.00019823 0.00018399 0.0001733 0.00016305 0.00015568 0.00014959 0.00014458 0.00014057 0.00013668 
9.7807e-05 0.00010009 0.00010318 0.00010654 0.00010983 0.00011558 0.00012214 0.00013123 0.00014292 0.00015404 0.00015315 0.00014332 0.00013296 0.00012452 0.00011699 0.00011185 0.00010737 0.00010376 0.00010087 9.7952e-05 
7.0007e-05 7.1754e-05 7.4152e-05 7.651e-05 7.9297e-05 8.3341e-05 8.7971e-05 9.4547e-05 0.0001032 0.00011178 0.0001111 0.00010318 9.558e-05 8.936e-05 8.3843e-05 8.0186e-05 7.6696e-05 7.4221e-05 7.2177e-05 7.0125e-05 
5.0288e-05 5.1392e-05 5.311e-05 5.4907e-05 5.7147e-05 5.9776e-05 6.3402e-05 6.8195e-05 7.4512e-05 8.1146e-05 8.0199e-05 7.4484e-05 6.8263e-05 6.3836e-05 6.0091e-05 5.7312e-05 5.5013e-05 5.3183e-05 5.1652e-05 5.0229e-05 
3.6037e-05 3.6762e-05 3.799e-05 3.9259e-05 4.104e-05 4.2683e-05 4.5538e-05 4.8919e-05 5.3625e-05 5.8247e-05 5.7925e-05 5.3393e-05 4.8799e-05 4.5517e-05 4.2936e-05 4.0782e-05 3.937e-05 3.81e-05 3.7025e-05 3.584e-05 
2.5588e-05 2.6252e-05 2.7103e-05 2.8104e-05 2.9153e-05 3.056e-05 3.2519e-05 3.5034e-05 3.8539e-05 4.2414e-05 4.2362e-05 3.8522e-05 3.5085e-05 3.261e-05 3.0712e-05 2.9232e-05 2.8099e-05 2.7132e-05 2.632e-05 2.5568e-05 
1.8204e-05 1.8742e-05 1.9316e-05 2.005e-05 2.0815e-05 2.1816e-05 2.3239e-05 2.5048e-05 2.7731e-05 3.0662e-05 3.0637e-05 2.7664e-05 2.5085e-05 2.3271e-05 2.1911e-05 2.0878e-05 2.0024e-05 1.9349e-05 1.8768e-05 1.8221e-05 
1.2966e-05 1.3354e-05 1.379e-05 1.4295e-05 1.4861e-05 1.5561e-05 1.655e-05 1.7902e-05 1.9886e-05 2.204e-05 2.1959e-05 1.9798e-05 1.7875e-05 1.6617e-05 1.5628e-05 1.4873e-05 1.4278e-05 1.3792e-05 1.3355e-05 1.2969e-05 
9.2431e-06 9.5005e-06 9.8231e-06 1.0189e-05 1.0629e-05 1.1113e-05 1.1825e-05 1.2814e-05 1.4241e-05 1.5979e-05 1.5916e-05 1.4176e-05 1.2753e-05 1.1864e-05 1.1147e-05 1.0605e-05 1.0175e-05 9.8247e-06 9.506e-06 9.2389e-06 
6.5684e-06 6.757e-06 6.9824e-06 7.2716e-06 7.5885e-06 7.9416e-06 8.4698e-06 9.2041e-06 1.0187e-05 1.1474e-05 1.1529e-05 1.0114e-05 9.12e-06 8.4639e-06 7.9669e-06 7.5823e-06 7.2588e-06 6.9803e-06 6.7745e-06 6.5702e-06 
4.6659e-06 4.815e-06 4.9619e-06 5.1834e-06 5.3914e-06 5.677e-06 6.0626e-06 6.5788e-06 7.256e-06 8.2237e-06 8.262e-06 7.2514e-06 6.5152e-06 6.0358e-06 5.691e-06 5.4115e-06 5.1759e-06 4.9659e-06 4.8135e-06 4.675e-06 
3.3164e-06 3.4233e-06 3.5364e-06 3.6909e-06 3.8299e-06 4.042e-06 4.3249e-06 4.6702e-06 5.209e-06 5.9738e-06 5.8711e-06 5.2067e-06 4.6434e-06 4.3223e-06 4.0413e-06 3.8485e-06 3.6845e-06 3.5453e-06 3.4127e-06 3.3264e-06 
2.3542e-06 2.4385e-06 2.5165e-06 2.6334e-06 2.7234e-06 2.8782e-06 3.0808e-06 3.3367e-06 3.7619e-06 4.2876e-06 4.2295e-06 3.7492e-06 3.3159e-06 3.0909e-06 2.8794e-06 2.7429e-06 2.6262e-06 2.5191e-06 2.4316e-06 2.3563e-06 
1.676e-06 1.733e-06 1.7866e-06 1.8665e-06 1.9385e-06 2.0437e-06 2.1919e-06 2.3791e-06 2.674e-06 3.0858e-06 3.082e-06 2.6917e-06 2.3677e-06 2.1949e-06 2.0492e-06 1.9539e-06 1.8658e-06 1.7846e-06 1.725e-06 1.6695e-06 
1.1856e-06 1.22e-06 1.2678e-06 1.3227e-06 1.3807e-06 1.4575e-06 1.5562e-06 1.6947e-06 1.9029e-06 2.2037e-06 2.206e-06 1.9015e-06 1.6815e-06 1.565e-06 1.4561e-06 1.3852e-06 1.321e-06 1.2656e-06 1.2223e-06 1.1767e-06 
8.3552e-07 8.642e-07 8.9817e-07 9.3811e-07 9.8397e-07 1.0389e-06 1.1112e-06 1.2111e-06 1.3585e-06 1.5725e-06 1.5732e-06 1.3586e-06 1.2126e-06 1.1128e-06 1.0402e-06 9.833e-07 9.3792e-07 8.9987e-07 8.6697e-07 8.3799e-07 
5.9026e-07 6.1101e-07 6.3647e-07 6.6477e-07 6.9828e-07 7.3877e-07 7.9152e-07 8.624e-07 9.702e-07 1.1277e-06 1.127e-06 9.7004e-07 8.6459e-07 7.9282e-07 7.3983e-07 6.9808e-07 6.6513e-07 6.3713e-07 6.1308e-07 5.9196e-07 
4.169e-07 4.3195e-07 4.5025e-07 4.7047e-07 4.9516e-07 5.2487e-07 5.6278e-07 6.1443e-07 6.9247e-07 8.0666e-07 8.069e-07 6.9206e-07 6.1608e-07 5.6403e-07 5.2545e-07 4.9506e-07 4.7071e-07 4.5036e-07 4.332e-07 4.179e-07 
2.9417e-07 3.0496e-07 3.1831e-07 3.3311e-07 3.5071e-07 3.7261e-07 4.0043e-07 4.3813e-07 4.9425e-07 5.7705e-07 5.7743e-07 4.9386e-07 4.395e-07 4.0113e-07 3.7293e-07 3.5081e-07 3.3287e-07 3.181e-07 3.0549e-07 2.9461e-07 
2.0713e-07 2.1492e-07 2.2444e-07 2.3557e-07 2.4814e-07 2.6393e-07 2.8454e-07 3.1212e-07 3.5233e-07 4.1266e-07 4.1281e-07 3.5236e-07 3.1299e-07 2.8487e-07 2.6436e-07 2.4849e-07 2.3529e-07 2.2443e-07 2.1543e-07 2.0739e-07 
1.4564e-07 1.5126e-07 1.5814e-07 1.6612e-07 1.755e-07 1.8686e-07 2.019e-07 2.2218e-07 2.5105e-07 2.9498e-07 2.9475e-07 2.5118e-07 2.2255e-07 2.0227e-07 1.8734e-07 1.7567e-07 1.6611e-07 1.5835e-07 1.5181e-07 1.459e-07 
1.0239e-07 1.0636e-07 1.1146e-07 1.1703e-07 1.2396e-07 1.3243e-07 1.4316e-07 1.5777e-07 1.7906e-07 2.1061e-07 2.1039e-07 1.7899e-07 1.581e-07 1.4351e-07 1.3254e-07 1.2395e-07 1.172e-07 1.1164e-07 1.0675e-07 1.0265e-07 
7.1844e-08 7.4777e-08 7.8322e-08 8.2572e-08 8.7465e-08 9.3662e-08 1.0139e-07 1.1205e-07 1.2755e-07 1.5007e-07 1.5001e-07 1.2737e-07 1.1235e-07 1.0162e-07 9.3611e-08 8.7366e-08 8.2664e-08 7.8493e-08 7.4997e-08 7.2021e-08 
5.039e-08 5.2544e-08 5.5087e-08 5.8081e-08 6.1657e-08 6.6066e-08 7.1698e-08 7.9556e-08 9.0696e-08 1.0696e-07 1.0697e-07 9.0523e-08 7.98e-08 7.2005e-08 6.6205e-08 6.1509e-08 5.8115e-08 5.515e-08 5.2679e-08 5.0532e-08 
3.5351e-08 3.6876e-08 3.874e-08 4.0825e-08 4.3494e-08 4.6541e-08 5.0657e-08 5.6342e-08 6.449e-08 7.6248e-08 7.6179e-08 6.4453e-08 5.659e-08 5.0972e-08 4.6704e-08 4.3366e-08 4.0812e-08 3.8742e-08 3.6953e-08 3.5429e-08 
2.4771e-08 2.5803e-08 2.7185e-08 2.8718e-08 3.0555e-08 3.2858e-08 3.5817e-08 3.9892e-08 4.577e-08 5.4201e-08 5.4261e-08 4.5789e-08 3.9971e-08 3.5891e-08 3.2865e-08 3.0561e-08 2.8717e-08 2.7174e-08 2.591e-08 2.4794e-08 
1.7307e-08 1.8038e-08 1.9036e-08 2.0133e-08 2.145e-08 2.3108e-08 2.5237e-08 2.8219e-08 3.2482e-08 3.8548e-08 3.8576e-08 3.2498e-08 2.8248e-08 2.5315e-08 2.3129e-08 2.1469e-08 2.0134e-08 1.9041e-08 1.8139e-08 1.7334e-08 
1.2099e-08 1.2623e-08 1.3328e-08 1.4107e-08 1.5058e-08 1.6243e-08 1.7787e-08 1.9918e-08 2.3027e-08 2.7395e-08 2.7412e-08 2.3005e-08 1.9953e-08 1.7838e-08 1.6257e-08 1.5069e-08 1.4116e-08 1.3351e-08 1.2683e-08 1.2112e-08 
8.4564e-09 8.8362e-09 9.3244e-09 9.8874e-09 1.0557e-08 1.1414e-08 1.252e-08 1.4055e-08 1.6285e-08 1.9434e-08 1.9431e-08 1.6275e-08 1.4082e-08 1.2565e-08 1.1416e-08 1.0574e-08 9.8918e-09 9.3316e-09 8.8626e-09 8.4596e-09 
5.9062e-09 6.1738e-09 6.5232e-09 6.9187e-09 7.387e-09 8.0083e-09 8.809e-09 9.9093e-09 1.152e-08 1.3771e-08 1.3746e-08 1.1516e-08 9.9208e-09 8.8275e-09 8.0133e-09 7.413e-09 6.9204e-09 6.5265e-09 6.1981e-09 5.9072e-09 
4.1182e-09 4.305e-09 4.5563e-09 4.834e-09 5.1689e-09 5.6141e-09 6.1862e-09 6.9733e-09 8.1351e-09 9.7409e-09 9.7325e-09 8.133e-09 6.9762e-09 6.1897e-09 5.6168e-09 5.1844e-09 4.84e-09 4.5608e-09 4.3246e-09 4.1267e-09 
2.8655e-09 3.0022e-09 3.1824e-09 3.3777e-09 3.6204e-09 3.9315e-09 4.3383e-09 4.9014e-09 5.732e-09 6.8794e-09 6.8853e-09 5.7367e-09 4.9093e-09 4.3403e-09 3.9333e-09 3.6254e-09 3.3848e-09 3.1778e-09 3.0141e-09 2.8812e-09 
1.993e-09 2.0941e-09 2.2227e-09 2.3552e-09 2.5322e-09 2.7484e-09 3.0421e-09 3.4448e-09 4.0417e-09 4.8531e-09 4.8669e-09 4.0385e-09 3.4518e-09 3.044e-09 2.7541e-09 2.5328e-09 2.3608e-09 2.2163e-09 2.1029e-09 2.0045e-09 
1.386e-09 1.457e-09 1.5494e-09 1.6432e-09 1.7678e-09 1.9241e-09 2.1309e-09 2.4187e-09 2.8438e-09 3.4217e-09 3.4341e-09 2.8376e-09 2.421e-09 2.1319e-09 1.9241e-09 1.7678e-09 1.6471e-09 1.5459e-09 1.4646e-09 1.3923e-09 
9.6175e-10 1.0107e-09 1.0771e-09 1.1476e-09 1.2309e-09 1.3455e-09 1.493e-09 1.6973e-09 1.9986e-09 2.4126e-09 2.4151e-09 1.9971e-09 1.6996e-09 1.4905e-09 1.3442e-09 1.2334e-09 1.1502e-09 1.0759e-09 1.0158e-09 9.6697e-10 
6.7201e-10 7.0614e-10 7.4938e-10 8.004e-10 8.6248e-10 9.3912e-10 1.0436e-09 1.1904e-09 1.4046e-09 1.6998e-09 1.6977e-09 1.4055e-09 1.1918e-09 1.0467e-09 9.4103e-10 8.6311e-10 8.0095e-10 7.503e-10 7.0835e-10 6.7298e-10 
4.6359e-10 4.883e-10 5.1892e-10 5.5561e-10 5.9944e-10 6.5458e-10 7.2787e-10 8.3231e-10 9.8544e-10 1.1958e-09 1.1935e-09 9.8577e-10 8.3368e-10 7.3034e-10 6.5565e-10 5.9976e-10 5.5592e-10 5.2e-10 4.8997e-10 4.645e-10 
3.2077e-10 3.3822e-10 3.5978e-10 3.8581e-10 4.169e-10 4.5673e-10 5.0875e-10 5.8248e-10 6.9164e-10 8.4008e-10 8.3843e-10 6.915e-10 5.8345e-10 5.102e-10 4.5727e-10 4.1755e-10 3.862e-10 3.6126e-10 3.3981e-10 3.2125e-10 
2.2153e-10 2.3362e-10 2.4945e-10 2.6767e-10 2.8961e-10 3.1812e-10 3.5483e-10 4.0705e-10 4.8466e-10 5.8855e-10 5.8874e-10 4.8467e-10 4.0803e-10 3.5587e-10 3.1854e-10 2.9021e-10 2.6817e-10 2.5066e-10 2.3479e-10 2.2197e-10 
1.5249e-10 1.6114e-10 1.7231e-10 1.8598e-10 2.011e-10 2.2122e-10 2.4732e-10 2.8472e-10 3.3907e-10 4.1258e-10 4.1273e-10 3.3938e-10 2.8512e-10 2.4775e-10 2.2126e-10 2.0175e-10 1.8574e-10 1.7336e-10 1.6201e-10 1.5301e-10 
1.0565e-10 1.1202e-10 1.198e-10 1.2924e-10 1.4019e-10 1.5431e-10 1.7296e-10 1.9889e-10 2.3755e-10 2.8916e-10 2.8907e-10 2.3781e-10 1.9904e-10 1.731e-10 1.5435e-10 1.4059e-10 1.2925e-10 1.2022e-10 1.1252e-10 1.0594e-10 
7.2167e-11 7.6695e-11 8.2144e-11 8.8787e-11 9.6681e-11 1.0683e-10 1.1994e-10 1.385e-10 1.6574e-10 2.0213e-10 2.0222e-10 1.6605e-10 1.3864e-10 1.2024e-10 1.0694e-10 9.6992e-11 8.8852e-11 8.2611e-11 7.6941e-11 7.2171e-11 
4.9481e-11 5.255e-11 5.657e-11 6.1236e-11 6.6944e-11 7.402e-11 8.3401e-11 9.6477e-11 1.1575e-10 1.4123e-10 1.414e-10 1.1605e-10 9.665e-11 8.3611e-11 7.4214e-11 6.7047e-11 6.1319e-11 5.6876e-11 5.2857e-11 4.9481e-11 
3.3803e-11 3.5954e-11 3.8862e-11 4.2157e-11 4.6196e-11 5.1197e-11 5.7855e-11 6.7129e-11 8.0856e-11 9.8722e-11 9.8795e-11 8.1e-11 6.7333e-11 5.8031e-11 5.1332e-11 4.624e-11 4.2199e-11 3.8968e-11 3.6166e-11 3.3862e-11 
2.3089e-11 2.4604e-11 2.6594e-11 2.8985e-11 3.1801e-11 3.5363e-11 4.0097e-11 4.6725e-11 5.6334e-11 6.8854e-11 6.8939e-11 5.6428e-11 4.6855e-11 4.0221e-11 3.5475e-11 3.195e-11 2.8949e-11 2.6653e-11 2.4725e-11 2.3158e-11 
1.583e-11 1.6928e-11 1.8358e-11 2.0044e-11 2.202e-11 2.4523e-11 2.782e-11 3.2502e-11 3.9294e-11 4.808e-11 4.8143e-11 3.9357e-11 3.2582e-11 2.7915e-11 2.4629e-11 2.2082e-11 2.0013e-11 1.8359e-11 1.7014e-11 1.5896e-11 
